4294967278,320
4294967279,22
4294967279,326
4294967278,202
4294967278,201
4294967279,10
4294967278,198
4294967279,325
4294967278,317
4294967294,30
4294967278,196
4294967294,12
4294967294,11
4294967294,68
4294967278,334
4294967278,132
4294967278,131
4294967278,130
4294967278,129
4294967278,128
4294967278,127
4294967278,126
4294967278,125
4294967278,328
4294967278,124
4294967278,123
4294967278,122
4294967278,121
4294967278,120
4294967278,247
4294967278,119
4294967278,245
4294967278,118
4294967278,243
4294967278,117
4294967278,116
4294967278,115
4294967278,114
4294967278,113
4294967278,112
4294967278,111
4294967278,110
4294967278,109
4294967278,227
4294967278,108
4294967278,107
4294967278,106
4294967278,221
4294967278,105
4294967278,104
4294967278,103
4294967278,102
4294967278,101
4294967278,100
4294967278,99
4294967278,98
4294967278,97
4294967278,377
4294967278,96
4294967278,95
4294967278,321
4294967278,94
4294967278,93
4294967278,92
4294967278,91
4294967278,90
4294967278,89
4294967278,87
4294967278,86
4294967278,85
4294967278,84
4294967278,83
4294967278,82
4294967278,81
4294967278,80
4294967278,79
4294967278,77
4294967278,357
4294967278,76
4294967278,75
4294967278,74
4294967278,73
4294967278,72
4294967278,71
4294967278,70
4294967278,68
4294967278,66
4294967278,65
4294967278,64
4294967278,61
4294967278,59
4294967278,57
4294967278,56
4294967278,375
4294967278,372
4294967279,567
4294967279,72
4294967279,69
4294967279,56
4294967279,45
4294967279,42
4294967279,35
4294967279,33
4294967279,31
4294967279,19
4294967279,16
4294967279,259
4294967279,529
4294967279,174
4294967279,88
4294967279,528
4294967279,8
4294967279,7
4294967279,6
4294967279,5
4294967278,195
4294967279,193
4294967278,192
4294967279,192
4294967278,78
4294967278,190
4294967278,183
4294967279,566
4294967278,69
4294967278,371
4294967278,67
4294967278,310
4294967279,64
4294967278,63
4294967278,364
4294967279,63
4294967279,300
4294967294,1413
4294967294,161
4294967294,198
4294967294,190
4294967278,62
4294967278,231
4294967279,324
4294967279,62
4294967278,60
4294967278,172
4294967278,171
98,6
98,5
98,4
98,3
98,2
98,1
4294967278,301
4294967294,1031
4294967294,5
4294967278,300
4294967294,82
4294967278,385
4294967294,407
4294967294,398
4294967294,444
4294967294,164
4294967294,457
4294967294,461
4294967294,116
4294967294,467
4294967294,169
4294967279,323
4294967279,538
4294967279,50
4294967278,384
4294967278,159
4294967279,159
4294967278,158
4294967279,158
4294967294,37
4294967279,157
4294967294,40
4294967294,107
4294967279,525
4294967294,424
4294967294,419
4294967294,91
4294967294,87
4294967294,85
4294967294,76
4294967294,1078
4294967294,29
4294967294,1049
4294967294,427
4294967294,9
4294967279,534
4294967278,148
4294967294,42
4294967294,36
4294967294,39
4294967294,52
4294967294,92
4294967294,88
4294967294,417
4294967294,51
4294967294,202
4294967279,36
4294967294,1414
4294967294,83
95,6
95,5
95,4
4294967279,142
95,3
95,2
95,1
4294967278,342
4294967279,28
4294967279,539
4294967279,531
4294967279,25
4294967279,285
4294967279,135
4294967278,276
4294967279,282
4294967278,287
4294967278,274
4294967279,280
4294967278,273
4294967279,277
4294967279,14
4294967278,268
4294967279,13
4294967279,276
4294967278,267
4294967278,281
4294967279,11
4294967279,273
4294967278,265
4294967279,258
4294967278,264
92,6
92,5
92,4
92,3
92,2
92,1
4294967278,335
4294967279,4
4294967279,564
4294967279,563
4294967279,520
4294967278,362
4294967278,369
4294967279,322
4294967278,256
4294967278,368
4294967279,250
4294967279,249
4294967279,248
4294967278,248
4294967279,246
4294967279,239
4294967278,239
4294967279,229
89,6
89,5
4294967278,232
89,4
4294967279,231
89,3
89,2
89,1
4294967278,230
4294967279,226
4294967279,221
4294967279,219
4294967279,220
4294967279,217
4294967279,215
4294967279,212
4294967279,315
4294967278,213
4294967279,213
4294967279,558
4294967279,211
4294967279,210
4294967279,209
4294967278,208
4294967279,208
4294967279,204
4294967294,1040
4294967294,185
4294967294,1026
4294967278,319
4294967279,203
4294967279,321
4294967279,202
4294967279,201
4294967279,198
4294967279,200
86,5
86,4
4294967279,199
86,3
86,2
86,1
4294967279,310
4294967279,197
4294967279,196
4294967279,195
4294967294,437
4294967278,194
4294967279,194
4294967279,320
4294967279,0
4294967279,71
4294967294,81
4294967294,50
4294967279,551
4294967278,0
4294967278,346
4294967279,308
4294967279,190
4294967279,549
4294967279,189
4294967279,550
4294967294,89
4294967279,188
4294967279,187
4294967279,184
84,5
84,4
4294967279,185
84,3
84,2
84,1
4294967278,184
4294967278,182
4294967279,179
82,4
82,3
82,2
82,1
4294967279,301
4294967279,173
4294967278,173
81,6
4294967278,58
4294967294,472
4294967279,172
4294967278,306
4294967279,171
81,5
4294967279,55
4294967278,169
81,4
81,3
81,2
81,1
4294967279,294
4294967278,167
4294967294,413
4294967294,420
4294967294,180
4294967294,118
4294967294,458
4294967294,189
4294967294,456
4294967294,1048
4294967278,363
4294967279,53
4294967279,292
80,5
80,4
